mon_no,Month_name,tot_rev,mom_diff,mom_%_change
1,Jan,1949000,0.0,0.0
2,Feb,1567700,-381300.0,-19.6
3,Mar,1313350,-254350.0,-16.2
4,Apr,1156100,-157250.0,-12.0
5,May,1698500,542400.0,46.9
6,Jun,1719200,20700.0,1.2
7,Jul,1400050,-319150.0,-18.6
8,Aug,1304850,-95200.0,-6.800000000000001
9,Sep,1120890,-183960.0,-14.099999999999998
10,Oct,1322475,201585.0,18.0
11,Nov,1277530,-44945.0,-3.4000000000000004
12,Dec,1730175,452645.0,35.4
